0 0 0
267 267 0
267 534 0
267 801 0
267 1068 0
267 1335 0
267 1602 0
267 1869 0
267 2136 0
267 2403 0
267 2670 0
267 2937 0
267 3204 0
267 3471 0
267 3738 0
267 4005 0
267 4272 0
267 4539 0
534 267 0
534 534 0
534 801 0
534 1068 0
534 1335 0
534 1602 0
534 1869 0
534 2136 0
534 2403 0
534 2670 0
534 2937 0
534 3204 0
534 3471 0
534 3738 0
534 4005 0
534 4272 0
534 4539 0
534 4806 0
801 267 0
801 534 0
801 801 0
801 1068 0
801 1335 0
801 1602 0
801 1869 0
801 2136 0
801 2403 0
801 2670 0
801 2937 0
801 3204 0
801 3471 0
801 3738 0
801 4005 0
801 4272 0
801 4539 0
801 4806 0
1068 267 0
1068 534 0
1068 801 0
1068 1068 0
1068 1335 0
1068 1602 0
1068 1869 0
1068 2136 0
1068 2403 0
1068 2670 0
1068 2937 0
1068 3204 0
1068 3471 0
1068 3738 0
1068 4005 0
1068 4272 0
1068 4539 0
1068 4806 0
1335 267 0
1335 534 0
1335 801 0
1335 1068 0
1335 1335 0
1335 1602 0
1335 1869 0
1335 2136 0
1335 2403 0
1335 2670 0
1335 2937 0
1335 3204 0
1335 3471 0
1335 3738 0
1335 4005 0
1335 4272 0
1335 4539 0
1335 4806 0
1602 267 0
1602 534 0
1602 801 0
1602 1068 0
1602 1335 0
1602 1602 0
1602 1869 0
1602 2136 0
1602 2403 0
1602 2670 0
1602 2937 0
1602 3204 0
1602 3471 0
1602 3738 0
1602 4005 0
1602 4272 0
1602 4539 0
1602 4806 0
1869 267 0
1869 534 0
1869 801 0
1869 1068 0
1869 1335 0
1869 1602 0
1869 1869 0
1869 2136 0
1869 2403 0
1869 2670 0
1869 2937 0
1869 3204 0
1869 3471 0
1869 3738 0
1869 4005 0
1869 4272 0
1869 4539 0
1869 4806 0
2136 267 0
2136 534 0
2136 801 0
2136 1068 0
2136 1335 0
2136 1602 0
2136 1869 0
2136 2136 0
2136 2403 0
2136 2670 0
2136 2937 0
2136 3204 0
2136 3471 0
2136 3738 0
2136 4005 0
2136 4272 0
2136 4539 0
2136 4806 0
2403 267 0
2403 534 0
2403 801 0
2403 1068 0
2403 1335 0
2403 1602 0
2403 1869 0
2403 2136 0
2403 2403 0
2403 2670 0
2403 2937 0
2403 3204 0
2403 3471 0
2403 3738 0
2403 4005 0
2403 4272 0
2403 4539 0
2403 4806 0
2670 267 0
2670 534 0
2670 801 0
2670 1068 0
2670 1335 0
2670 1602 0
2670 1869 0
2670 2136 0
2670 2403 0
2670 2670 0
2670 2937 0
2670 3204 0
2670 3471 0
2670 3738 0
2670 4005 0
2670 4272 0
2670 4539 0
2670 4806 0
2937 267 0
2937 534 0
2937 801 0
2937 1068 0
2937 1335 0
2937 1602 0
2937 1869 0
2937 2136 0
2937 2403 0
2937 2670 0
2937 2937 0
2937 3204 0
2937 3471 0
2937 3738 0
2937 4005 0
2937 4272 0
2937 4539 0
2937 4806 0
3204 267 0
3204 534 0
3204 801 0
3204 1068 0
3204 1335 0
3204 1602 0
3204 1869 0
3204 2136 0
3204 2403 0
3204 2670 0
3204 2937 0
3204 3204 0
3204 3471 0
3204 3738 0
3204 4005 0
3204 4272 0
3204 4539 0
3204 4806 0
3471 267 0
3471 534 0
3471 801 0
3471 1068 0
3471 1335 0
3471 1602 0
3471 1869 0
3471 2136 0
3471 2403 0
3471 2670 0
3471 2937 0
3471 3204 0
3471 3471 0
3471 3738 0
3471 4005 0
3471 4272 0
3471 4539 0
3471 4806 0
3738 267 0
3738 534 0
3738 801 0
3738 1068 0
3738 1335 0
3738 1602 0
3738 1869 0
3738 2136 0
3738 2403 0
3738 2670 0
3738 2937 0
3738 3204 0
3738 3471 0
3738 3738 0
3738 4005 0
3738 4272 0
3738 4539 0
3738 4806 0
4005 267 0
4005 534 0
4005 801 0
4005 1068 0
4005 1335 0
4005 1602 0
4005 1869 0
4005 2136 0
4005 2403 0
4005 2670 0
4005 2937 0
4005 3204 0
4005 3471 0
4005 3738 0
4005 4005 0
4005 4272 0
4005 4539 0
4005 4806 0
4272 267 0
4272 534 0
4272 801 0
4272 1068 0
4272 1335 0
4272 1602 0
4272 1869 0
4272 2136 0
4272 2403 0
4272 2670 0
4272 2937 0
4272 3204 0
4272 3471 0
4272 3738 0
4272 4005 0
4272 4272 0
4272 4539 0
4539 267 0
4539 534 0
4539 801 0
4539 1068 0
4539 1335 0
4539 1602 0
4539 1869 0
4539 2136 0
4539 2403 0
4539 2670 0
4539 2937 0
4539 3204 0
4539 3471 0
4539 3738 0
4539 4005 0
4539 4272 0
4539 4539 0
4806 801 0
4806 1068 0
4806 1335 0
4806 1602 0
4806 1869 0
4806 2136 0
4806 2403 0
4806 2670 0
4806 2937 0
4806 3204 0
4806 3471 0
4806 3738 0
4806 4005 0
4591 157 0
4828 664 0
4932 895 0
4952 3416 0
4946 3813 0
4603 4668 0
4532 4751 0
3585 4950 0
3035 4983 0
2322 4965 0
346 4839 0
90 4143 0
