0 0 0
344 973 0
195 2219 0
751 1766 0
639 4683 0
2123 4373 0
2375 1816 0
4999 3551 0
1261 3719 0
1022 3417 0
1856 1693 0
4275 1076 0
2185 4651 0
3552 699 0
1172 2158 0
1935 820 0
4478 3042 0
2556 4673 0
260 3307 0
1439 900 0
3753 4325 0
1035 1127 0
1903 1797 0
4678 3927 0
515 1462 0
2343 3134 0
3918 1618 0
4973 1102 0
1268 3524 0
2565 2440 0
1445 4500 0
4023 922 0
2541 1579 0
594 3565 0
4886 2033 0
227 3638 0
2121 2025 0
4765 4024 0
3822 204 0
2951 99 0
1666 293 0
3233 583 0
2674 3205 0
2449 3942 0
2492 13 0
2145 3937 0
275 1167 0
4859 2816 0
2746 452 0
2143 2632 0
3249 2370 0
2032 1132 0
4396 2560 0
918 3980 0
2764 3869 0
4080 193 0
4926 2312 0
776 2599 0
1280 3988 0
2304 3772 0
4001 4449 0
3471 4276 0
615 4092 0
2855 3362 0
306 4998 0
1756 4318 0
3131 3788 0
449 3289 0
2110 1368 0
2268 4875 0
999 1347 0
67 924 0
4423 1606 0
4287 1465 0
594 1590 0
999 357 0
1038 4470 0
396 1653 0
3561 4014 0
777 3867 0
4011 2533 0
3948 2904 0
2084 4397 0
1192 4194 0
764 4224 0
4831 1764 0
1333 660 0
3451 755 0
3030 2737 0
2983 4387 0
