0 0 0
8973 6202 0
4625 5469 0
2038 5916 0
3405 5533 0
7004 2469 0
9853 4992 0
361 9819 0
3294 7195 0
4036 9404 0
8767 5404 0
1711 3214 0
3100 3751 0
2139 5437 0
4993 1759 0
9572 6270 0
3789 9623 0
2472 9493 0
6170 5589 0
5408 9576 0
2200 2411 0
3123 2052 0
8482 3484 0
2949 2855 0
1758 6985 0
3337 524 0
3468 5048 0
4818 6568 0
8800 6957 0
3083 4871 0
8716 3733 0
1140 2504 0
3356 3612 0
3076 604 0
279 8484 0
1258 2479 0
1974 5461 0
5610 455 0
8945 8560 0
4389 1781 0
6623 7727 0
3385 1169 0
2774 8203 0
7737 2652 0
6238 820 0
7523 4953 0
4553 8664 0
8536 8988 0
3354 1611 0
671 3634 0
1174 1929 0
7192 4227 0
7390 2802 0
5761 7414 0
2440 150 0
273 141 0
7877 4737 0
1311 1729 0
4018 126 0
4382 255 0
2025 1904 0
6287 7658 0
1646 4823 0
6645 5001 0
7513 8395 0
9714 9766 0
1403 7984 0
3992 9872 0
1864 9754 0
8364 4304 0
982 8638 0
5525 8859 0
4453 6836 0
1666 8472 0
6962 6048 0
8727 8988 0
9032 5014 0
7724 1756 0
915 5447 0
7836 9507 0
3842 7549 0
9273 5245 0
6612 4343 0
5116 8476 0
4096 4559 0
2780 6157 0
3196 9384 0
6094 7649 0
6219 7761 0
7199 4259 0
3808 5926 0
4325 3918 0
2018 2048 0
5675 4012 0
7496 3510 0
3518 1337 0
2138 2790 0
7661 8750 0
8213 3855 0
7225 2308 0
8414 1083 0
8466 2688 0
466 4559 0
1416 7764 0
3398 8615 0
2023 8286 0
5619 7427 0
2203 8716 0
9476 8957 0
2727 8050 0
3546 6246 0
465 5684 0
114 8126 0
5512 8327 0
3059 3815 0
1714 2552 0
4899 1258 0
6319 6444 0
6896 8814 0
5287 294 0
