0 0 0
3010 1443 0
407 861 0
2174 757 0
331 2450 0
2989 3304 0
2444 4585 0
4067 2007 0
2606 3903 0
574 1004 0
500 2600 0
924 2713 0
1682 959 0
652 4787 0
718 1066 0
4591 157 0
234 2600 0
2364 641 0
3461 300 0
2161 4556 0
2750 150 0
3622 193 0
4735 2688 0
2963 3103 0
1590 3538 0
4107 2854 0
1137 793 0
566 3582 0
2515 1218 0
4131 3233 0
2285 3721 0
3391 2519 0
1321 1517 0
3923 544 0
1817 1084 0
862 4567 0
1997 4484 0
523 2494 0
2935 4249 0
596 4525 0
2786 465 0
2378 4686 0
2021 2944 0
4030 4536 0
4926 3160 0
2769 2210 0
2644 1922 0
491 4728 0
3439 4414 0
271 1018 0
1260 1897 0
1347 3257 0
1380 1870 0
750 4315 0
1119 2109 0
4603 4668 0
3337 2743 0
4354 357 0
1450 4146 0
4894 1375 0
2306 3425 0
3585 4950 0
346 4839 0
439 4548 0
4252 1473 0
565 512 0
3370 1912 0
4532 4751 0
4546 282 0
4828 664 0
3154 4430 0
1094 1491 0
2936 447 0
1848 4386 0
4594 2504 0
760 2662 0
928 107 0
3374 2037 0
4946 3813 0
2347 4960 0
285 3675 0
1234 4419 0
587 766 0
4932 895 0
1811 4759 0
2322 4965 0
4952 3416 0
1455 2887 0
4627 4067 0
3035 4983 0
2333 3795 0
2644 4025 0
4665 1780 0
1061 4610 0
592 3409 0
331 1640 0
2846 1566 0
1058 3433 0
2332 989 0
90 4143 0
