0 54
1 18
2 24
3 24
4 24
5 18
6 18
7 12
8 54
9 54
10 6
11 12
12 18
13 18
14 9
15 6
16 54
17 9
18 9
19 12
20 54
21 9
22 48
23 24
24 9
25 18
26 12
27 48
28 9
29 18
30 54
31 6
32 48
33 18
34 24
35 12
36 54
37 6
38 36
39 48
40 54
41 36
42 6
43 18
44 6
45 9
46 18
47 54
48 12
49 24
50 9
51 12
52 36
53 54
54 48
55 48
56 18
57 6
58 36
59 24
60 18
61 24
62 24
63 12
64 54
65 9
66 24
67 48
68 9
69 9
70 36
71 6
72 48
73 36
74 18
75 48
76 54
77 48
78 36
79 9
80 12
81 48
82 18
83 54
84 48
85 9
86 48
87 9
88 12
89 18
